6385891097
2392315111524
370032350584
7100391878
87714891719
760803318
68431171882
7056386678
11067010664
18539651722
26404304929
690358891914
8693595648
877968900
39090556908
30634112
4648748827
6672285231
672944981
14308413204
43652407442
84369578535
04606919184
901633659
8639281269
112233445
857957937401
393537531390
94990115482
9374996984584
53257004
417008949
897834156
815590313
692882935
97001360
1388490171
90342852
505870758
544857892961
64343934
314159265
014462456465
1272686813
61222274977
147258369
424748308434
359785890920
579542322217
9442224608
352183657066
253767536
567197288412
74028139
864870311
52923933
8725063502120
49619818
3590437627114
08048598286
4661184606
2869201617
5068963997393
2283738476987
620825606
67032423609
895368120
295742747488
997364814081
43174942479
639325502595
67018705706
5216674833
51332643
4613561084642
2952021943
8424774634060
111111111
48078859824
87319828765
87215198115
85972484205
50140691
19033089
9992154563749
1220589356880
11794587719
42739918
254005479151
8074284402267
8766359388
599713707406
53971616
89296765
640141427152
580493023042
7480462961
139261437
54105941340
699757819489
7880589296250
7306854744
22254172
3088526650071
96631738
3296344517
40343091322
71663667734
3972315639
76412565
55945908697
811038474
556896541
139055311
83969095
18468626
28165992879
02909316
48111794
4316298620360
7905055351
821082574604
8901302815843
513427494
2899877954859
6082457503479
24718022721
41413393
1072966132
793793594
0936717920420
32119017193
969753627
9471707356
797038870560
49887937288
3577788231
282304521861
02683356
67264398
46509303858
2252918241
8769558189
53611519815
064110008
03317211
89062266185
9123673357490
9963185967
508851687621
908013677
621048510956
7542265384498
028264592009
953496359
68072915160
020411526411
57088931
796793608950
490374853369
09279054
60244848
0221357643
558495329666
5093830902
021765513
7226320119175
3941078067749
62498434877
55479216
8241334895285
31267981
488832520
65839325530
5710450547
770173115268
80806635326
2983799154
95712749
685572134237
298451440476
39778462854
657681852
73933618098
2207473083
420831947342
032434531
33533760
47667267
3007865578187
57587461
1709963587913
85191985
3057561022
9039801436077
365809390968
9656960840
38151750
87556897093
99776918
19244672514
987654321
0967076639313
7118864370234
949699337024
896677545136
025046118
5520587879018
6444428875
59730080
272665376689
9367117589070
427679169394
0443875800835
596361277
78004336
7228879522532
195818851568
9926244831
021200701
0647305753452
027374215
789789789
727364293
272115694
090037744684
397303152
8054341443266
6136837016
38319303225
169075067
973880505
880065545
676889869
3298722975018
369847348
577431986
202020202
8913926337
2585182548
28732820
762637716
359990006144
3140271431172
1340663142
60639598972
3659706070
982882425245
04518745
488909402526
06288209242
197409970
63582776426
431262385650
5001335182567
07886017030
28246306
121212121
56290715
167676857281
4660831236
25062890
233111686
4614855153662
599194729035
38828081
473143220
309019185
0439637213252
4252946368905
31912164185
711162961
66784256
178641749
19452112
77183700304
67107460712
4789222502815
086005530345
74318406
464008637282
340389100774
2875854427
18645171188
583384119888
4156622004965
68165408
42731649744
124812083
61181947
298398073
009037269
3373387372812
035517039552
74623386
89972327
3480991725
3373295811318
786449021
371067949
90379493127
56470945
89467332
568927996
2322263836691
88963817
953916399938
0317514803563
000000000
01495621
991106323
7622286622
49219682
7194442985
31264767563
7244787933860
4687906754
50411726
09555900
6190944828111
81385509
341782976131
8931750906
9154840541
6030319969
0621659131962
93135566972
2067730326
03121941757
321321321
982092125227
423197964972
5649130383
535092412
265507254885
12041946
109440617
7431124076623
9525482607453
489035470
45140538344
096161472067
67407821
343373554335
290812274
6432767512294
040406907
21219824986
4037110542391
97357432
821861293247
645113068981
67069751
936952577237
3229232133760
692099278
123456780
502980595
963227412
57825078
563698712989
203932007467
925430064
9782857285
01547033
9080524710
244662251
6398409125166
12800337119
2658284048151
71566946429
2500005636
91509368
0109154572479
280493675
2500081645
22787763
2407123205602
0061824966483
5270474628827
059030303
93958543
57852828
97162463
22174964
01036506
1699986711
6220173349
02919989
078347049782
785415291281
5183454560
26800037767
62910887
826574938
20522315333
91066971484
138479813292
456456456
859276927305
7631255899
8583036964081
36309385641
46015366947
256641429241
427854509361
2662513782
75588683
9945338097
9977634618471
81983935323
90461611222
38979150086
70941516965
9707862393417
07768773
55570121080
5676221894328
511295708
1845819287
5960669147192
1187438612186
122480805
65266977
1204548657306
454951326
808250995
66447671165
220107420273
09557026
10920356
1991169265
24725178
992473016
64495870
49346814
636799576
814111710541
2469682562649
222222222
7124307217869
437534033
65922662
6477188303
318039736811
4232183253404
16376941379
6206888295723
814742903709
518909906882
60920439
2578688916648
7565082566
3357132861
3192354843
044466719
82670907
868284857
6516597324
844261088
755355273401
844493031353
60941829416
66700206
244259217
1207943707485
3947397823654
89616178921
1234567890
101010101
59141226
5729454962
72030717240
45809104900
8789080438617
7028144644
43605342377
803896763487
27614601666
2512988926948
80159284219
571630584653
456295620
543457310834
18556762348
25756573
030092105532
73799084471
197109906873
734441486
054407969
5265884364
6332338967
7960433415
17543248
549390045
11259445
3382026548476
312420280
0436852173860
4187215816
13563021724
2350347139207
102236373370
455882664
0647814420
3278654689554
19491156
92760747509
29340373
84779068
899592285054
8223607064
2867634716
50623267
9856903413
1763907138
44997540778
995655908416
75032414
8150669088
42555425605
30959690659
283560895
730778239
920323882702
925590006428
3540067248
94046521911
630109587
671129023863
6616052257371
34722389
952751505
26374253
6483547732
0743568330
8200351142205
9283703202186
6511562030988
3565916426
726938920660
41360011270
09131064469
60647049
197616666
564102255169
97730664
03919684469
73451467513
7604791801067
50307694
905534706
67966511
09428624380
92073745958
527780154
860048989
908007952672
55317794
01905897
484626455
4820451949690
8990532058
17812399
190667674
7454938056
355594143
45039229
55862039888
90427580
1399748415573
123123123
434789210
09043694845
32304096383
731281545
3342120801
04939297068
34003492
7072382645
7783489468059
167735629978
159753486
2055394577
26873696731
4529811319
4165746287579
362130404
6179166006
93738851880
82566189293
123456789
22298542
7628047314
5590892697304
34327194
864059739575
6745948421
76378695
76686830292
0643779737872
44705243
6256129420
20823026
32285079593
3461323350100
386358427093
3585489688
93745784920
53833797618
682482063
201012542113
938900288644
98561715427
02173821
502394156385
47229102
4081470707012
85641663
89848367
86214048
136214232
027019588
5950526779138
148852450
99300578301
68292639701
73672751
5813376538966
3314241777056
35610344
864315055
59276845911
6643490123256
27575537
1837738999357
4713603057
9013750855
3562838066
517604850
468847380910
6268580270177
01958827028
28006549668
43490217611
93465660413
1818082116
3602808222
6992293090030
99621275
0918269404
05923391
411748745
48643462
478545632707
97865133760
4171783847051
8493581749880
882089550
99913384729
5084625533891
16995988
8458603935156
058949596015
7229569858304
682023180177
778226243649
9047766929662
80302258286
169880837730
90108882279
2145518412
4862133458708
023297810986
16549565
41468350658
5108298495
3996609446
83752855
184286332699
0088454978
163470602958
73543324
38498179
6854425784
294672548
3389859079261
845144460806
4729632227
227303280885
148501420
2224165686319
109413272
71111644410
3083986854220
6817473295
789453625184
196505694506
660144433
231725765214
74110263
2592201037
52062120326
6140721580012
28439462246
130921291233
7914101118
433198086
40993012
42351084
8786747759
71108763
482866804
84342534486
85086673612
92103798
24792490
81400034
52551299
02783488976
9433660489
8989834171
00210450
77501979
32491927
566144990
83233668
064350330902
5346770741
696235672
7484475234
890757105
662660739
6532036909520
083984243
04309605615
5861959247
3370223817
355875788
711082368196
251536858
73854769401
7487135976
5060116560
0773448929591
067548397221
360271187109
3884734809156
3826590933689
2339441871845
147070131
124019434424
0905051956400
4186581397568
4964507195
8479197955
232800684
32393874
672278866
340384295
2067156475027
015836915837
5870789163
641517775
257587793576
616064437
507423754180
757289058415
712142317
99363271
797478664
071660752938
545987441801
38277393
96535966
8507472823147
6849444711172
69551129707
8505769598
791811438
298715353384
41871187167
58483281
927579748876
9719834347748
3232548335
769890269016
684838808
2477706552276
334872125
2768745452210
87687059362
6385507721309
3517234294
433474223606
896223917328
656390768
803165095
0663918177
34379535211
854911015
3721259346
49908910223
49272751
127038001
814605250
699199895424
7488742642
35932402
89900883299
6865947736
930671185716
803025133375
2762532062
575788988
8893322439
740516940
783824262
53805147
84682090
52627175565
0764285839
2539283284749
4213060529
670161854
58080148729
21238124308
512856368
377842360
275779522637
92677631536
50816075769
892035181
540719073940
174312002
58645148
8029074473572
15681544
634604316
12285576
765890738210
7597353062
1426278654962
6594631937165
817540965
267622393
34237635381
4521087325
0321160498
472025202306
8372451164041
66137065
42469318
273991053
567391638389
451215063
728687598
7836738700288
40179675173
8086898341
67497413
671178929706
8240569929
848293029
63813999
78433992587
9317373826
4507823392
1087815259
966596207
6467069150
9462788015212
563523969561
807015659224
79949404774
9032996791
9013418501
437571831704
431556106
56330770
666012475111
231110097
378563224504
8695107883
7317187145
2889027575
2345835499
07099204
77955250
20953324683
777436549415
559754674805
9111708247244
34954929
855760031
123321123
043178830333
3604456427
993269559277
3807492347336
37242767
7294514086
4787651501527
99440819
6487427192145
5330809227014
0450993677
95739365
008176680991
554588638
5019215984
346909724157
6759184320
6054284744973
287115766
3209740960684
44637219
28954956
59601470640
1075812098
85479396
3317695899
730010054
6239864433175
0687354248
584545447
25937811015
48687290251
5506353197
4126398769
01977384711
1483323744
1113284894956
47180405
68857836763
984122282
503909164
9560807863602
11822120301
70892944
97256276197
61091199263
8826437119781
842863774
73909930
3715883722
20879723
20063117610
7511797015163
16526155
52712346
928441463891
12344321
125825025
94114931225
1863343023
6991268954
39444790
79573469705
38811779267
5753910172958
8877923947213
69023616
804688089
5759950139425
000953251528
898118817546
1017955799310
25492457251
6171531776156
74510213
42266330
90252024
25359948
50829305
49013363571
0564277541467
6110261538
07442736
704327715
83714143
391737390332
174285182
1652343268777
0276356433
71766101141
4296621472426
690671719449
04647853
95889536
918304295152
7352717680
8708894816
546199844
021252434262
4214100049
78749017209
345281219
321728534587
